           1      992.88  42.88  -17.05     20.12
           2      989.75  42.88  -17.05     23.85
           3      985.98  42.88  -17.05     25.02
           4      986.81  42.88  -17.59     27.63
           5      984.06  42.35  -18.12     28.40
           6      982.15  41.81  -18.12     32.41
           7      981.75  41.81  -18.66     32.66
           8      979.20  40.73  -19.20     30.91
           9      975.07  40.19  -19.20     32.70
          10      980.02  39.65  -19.73     37.22
          11      978.12  39.12  -20.27     31.83
          12      978.96  38.58  -20.27     32.48
          13      980.83  38.04  -20.80     32.70
          14      983.27  37.50  -20.80     30.11
          15      981.97  36.42  -20.80     27.40
          16      982.33  36.42  -20.80     30.64
          17      984.50  35.35  -20.80     29.80
          18      988.59  35.35  -20.80     26.22
          19      989.94  34.81  -20.80     22.83
          20      993.63  34.27  -20.80     21.16
          21      995.55  33.73  -20.80     21.34
          22      998.99  33.73  -20.80     17.70
